param_ptm00
830.457114 0.000000 640.000000
0.000000 830.457114 384.000000
0 0 1
0
0
0.923880 0.000000 -0.382683 -0.401818
0.000000 1.000000 0.000000 0.000000
0.382683 0.000000 0.923880 -0.970074

param_ptm01
830.457114 0.000000 640.000000
0.000000 830.457114 384.000000
0 0 1
0
0
0.927184 0.000000 -0.374607 -0.393337
0.000000 1.000000 0.000000 0.000000
0.374607 0.000000 0.927184 -0.973543

param_ptm02
830.457114 0.000000 640.000000
0.000000 830.457114 384.000000
0 0 1
0
0
0.930418 0.000000 -0.366501 -0.384826
0.000000 1.000000 0.000000 0.000000
0.366501 0.000000 0.930418 -0.976938

param_ptm03
830.457114 0.000000 640.000000
0.000000 830.457114 384.000000
0 0 1
0
0
0.933580 0.000000 -0.358368 -0.376286
0.000000 1.000000 0.000000 0.000000
0.358368 0.000000 0.933580 -0.980259

param_ptm04
830.457114 0.000000 640.000000
0.000000 830.457114 384.000000
0 0 1
0
0
0.936672 0.000000 -0.350207 -0.367718
0.000000 1.000000 0.000000 0.000000
0.350207 0.000000 0.936672 -0.983506

param_ptm05
830.457114 0.000000 640.000000
0.000000 830.457114 384.000000
0 0 1
0
0
0.939693 0.000000 -0.342020 -0.359121
0.000000 1.000000 0.000000 0.000000
0.342020 0.000000 0.939693 -0.986677

param_ptm06
830.457114 0.000000 640.000000
0.000000 830.457114 384.000000
0 0 1
0
0
0.942641 0.000000 -0.333807 -0.350497
0.000000 1.000000 0.000000 0.000000
0.333807 0.000000 0.942641 -0.989774

param_ptm07
830.457114 0.000000 640.000000
0.000000 830.457114 384.000000
0 0 1
0
0
0.945519 0.000000 -0.325568 -0.341847
0.000000 1.000000 0.000000 0.000000
0.325568 0.000000 0.945519 -0.992795

param_ptm08
830.457114 0.000000 640.000000
0.000000 830.457114 384.000000
0 0 1
0
0
0.948324 0.000000 -0.317305 -0.333170
0.000000 1.000000 0.000000 0.000000
0.317305 0.000000 0.948324 -0.995740

param_ptm09
830.457114 0.000000 640.000000
0.000000 830.457114 384.000000
0 0 1
0
0
0.951057 0.000000 -0.309017 -0.324468
0.000000 1.000000 0.000000 0.000000
0.309017 0.000000 0.951057 -0.998609

param_ptm10
830.457114 0.000000 640.000000
0.000000 830.457114 384.000000
0 0 1
0
0
0.953717 0.000000 -0.300706 -0.315741
0.000000 1.000000 0.000000 0.000000
0.300706 0.000000 0.953717 -1.001403

param_ptm11
830.457114 0.000000 640.000000
0.000000 830.457114 384.000000
0 0 1
0
0
0.956305 0.000000 -0.292372 -0.306990
0.000000 1.000000 0.000000 0.000000
0.292372 0.000000 0.956305 -1.004120

param_ptm12
830.457114 0.000000 640.000000
0.000000 830.457114 384.000000
0 0 1
0
0
0.958820 0.000000 -0.284015 -0.298216
0.000000 1.000000 0.000000 0.000000
0.284015 0.000000 0.958820 -1.006761

param_ptm13
830.457114 0.000000 640.000000
0.000000 830.457114 384.000000
0 0 1
0
0
0.961262 0.000000 -0.275637 -0.289419
0.000000 1.000000 0.000000 0.000000
0.275637 0.000000 0.961262 -1.009325

param_ptm14
830.457114 0.000000 640.000000
0.000000 830.457114 384.000000
0 0 1
0
0
0.963630 0.000000 -0.267238 -0.280600
0.000000 1.000000 0.000000 0.000000
0.267238 0.000000 0.963630 -1.011812

param_ptm15
830.457114 0.000000 640.000000
0.000000 830.457114 384.000000
0 0 1
0
0
0.965926 0.000000 -0.258819 -0.271760
0.000000 1.000000 0.000000 0.000000
0.258819 0.000000 0.965926 -1.014222

param_ptm16
830.457114 0.000000 640.000000
0.000000 830.457114 384.000000
0 0 1
0
0
0.968148 0.000000 -0.250380 -0.262899
0.000000 1.000000 0.000000 0.000000
0.250380 0.000000 0.968148 -1.016555

param_ptm17
830.457114 0.000000 640.000000
0.000000 830.457114 384.000000
0 0 1
0
0
0.970296 0.000000 -0.241922 -0.254018
0.000000 1.000000 0.000000 0.000000
0.241922 0.000000 0.970296 -1.018811

param_ptm18
830.457114 0.000000 640.000000
0.000000 830.457114 384.000000
0 0 1
0
0
0.972370 0.000000 -0.233445 -0.245118
0.000000 1.000000 0.000000 0.000000
0.233445 0.000000 0.972370 -1.020988

param_ptm19
830.457114 0.000000 640.000000
0.000000 830.457114 384.000000
0 0 1
0
0
0.974370 0.000000 -0.224951 -0.236199
0.000000 1.000000 0.000000 0.000000
0.224951 0.000000 0.974370 -1.023089

param_ptm20
830.457114 0.000000 640.000000
0.000000 830.457114 384.000000
0 0 1
0
0
0.976296 0.000000 -0.216440 -0.227262
0.000000 1.000000 0.000000 0.000000
0.216440 0.000000 0.976296 -1.025111

param_ptm21
830.457114 0.000000 640.000000
0.000000 830.457114 384.000000
0 0 1
0
0
0.978148 0.000000 -0.207912 -0.218307
0.000000 1.000000 0.000000 0.000000
0.207912 0.000000 0.978148 -1.027055

param_ptm22
830.457114 0.000000 640.000000
0.000000 830.457114 384.000000
0 0 1
0
0
0.979925 0.000000 -0.199368 -0.209336
0.000000 1.000000 0.000000 0.000000
0.199368 0.000000 0.979925 -1.028921

param_ptm23
830.457114 0.000000 640.000000
0.000000 830.457114 384.000000
0 0 1
0
0
0.981627 0.000000 -0.190809 -0.200349
0.000000 1.000000 0.000000 0.000000
0.190809 0.000000 0.981627 -1.030709

param_ptm24
830.457114 0.000000 640.000000
0.000000 830.457114 384.000000
0 0 1
0
0
0.983255 0.000000 -0.182236 -0.191347
0.000000 1.000000 0.000000 0.000000
0.182236 0.000000 0.983255 -1.032418

param_ptm25
830.457114 0.000000 640.000000
0.000000 830.457114 384.000000
0 0 1
0
0
0.984808 0.000000 -0.173648 -0.182331
0.000000 1.000000 0.000000 0.000000
0.173648 0.000000 0.984808 -1.034048

param_ptm26
830.457114 0.000000 640.000000
0.000000 830.457114 384.000000
0 0 1
0
0
0.986286 0.000000 -0.165048 -0.173300
0.000000 1.000000 0.000000 0.000000
0.165048 0.000000 0.986286 -1.035600

param_ptm27
830.457114 0.000000 640.000000
0.000000 830.457114 384.000000
0 0 1
0
0
0.987688 0.000000 -0.156434 -0.164256
0.000000 1.000000 0.000000 0.000000
0.156434 0.000000 0.987688 -1.037073

param_ptm28
830.457114 0.000000 640.000000
0.000000 830.457114 384.000000
0 0 1
0
0
0.989016 0.000000 -0.147809 -0.155200
0.000000 1.000000 0.000000 0.000000
0.147809 0.000000 0.989016 -1.038467

param_ptm29
830.457114 0.000000 640.000000
0.000000 830.457114 384.000000
0 0 1
0
0
0.990268 0.000000 -0.139173 -0.146132
0.000000 1.000000 0.000000 0.000000
0.139173 0.000000 0.990268 -1.039781

param_ptm30
830.457114 0.000000 640.000000
0.000000 830.457114 384.000000
0 0 1
0
0
0.991445 0.000000 -0.130526 -0.137053
0.000000 1.000000 0.000000 0.000000
0.130526 0.000000 0.991445 -1.041017

param_ptm31
830.457114 0.000000 640.000000
0.000000 830.457114 384.000000
0 0 1
0
0
0.992546 0.000000 -0.121869 -0.127963
0.000000 1.000000 0.000000 0.000000
0.121869 0.000000 0.992546 -1.042173

param_ptm32
830.457114 0.000000 640.000000
0.000000 830.457114 384.000000
0 0 1
0
0
0.993572 0.000000 -0.113203 -0.118863
0.000000 1.000000 0.000000 0.000000
0.113203 0.000000 0.993572 -1.043250

param_ptm33
830.457114 0.000000 640.000000
0.000000 830.457114 384.000000
0 0 1
0
0
0.994522 0.000000 -0.104528 -0.109755
0.000000 1.000000 0.000000 0.000000
0.104528 0.000000 0.994522 -1.044248

param_ptm34
830.457114 0.000000 640.000000
0.000000 830.457114 384.000000
0 0 1
0
0
0.995396 0.000000 -0.095846 -0.100638
0.000000 1.000000 0.000000 0.000000
0.095846 0.000000 0.995396 -1.045166

param_ptm35
830.457114 0.000000 640.000000
0.000000 830.457114 384.000000
0 0 1
0
0
0.996195 0.000000 -0.087156 -0.091514
0.000000 1.000000 0.000000 0.000000
0.087156 0.000000 0.996195 -1.046004

param_ptm36
830.457114 0.000000 640.000000
0.000000 830.457114 384.000000
0 0 1
0
0
0.996917 0.000000 -0.078459 -0.082382
0.000000 1.000000 0.000000 0.000000
0.078459 0.000000 0.996917 -1.046763

param_ptm37
830.457114 0.000000 640.000000
0.000000 830.457114 384.000000
0 0 1
0
0
0.997564 0.000000 -0.069756 -0.073244
0.000000 1.000000 0.000000 0.000000
0.069756 0.000000 0.997564 -1.047442

param_ptm38
830.457114 0.000000 640.000000
0.000000 830.457114 384.000000
0 0 1
0
0
0.998135 0.000000 -0.061049 -0.064101
0.000000 1.000000 0.000000 0.000000
0.061049 0.000000 0.998135 -1.048042

param_ptm39
830.457114 0.000000 640.000000
0.000000 830.457114 384.000000
0 0 1
0
0
0.998630 0.000000 -0.052336 -0.054953
0.000000 1.000000 0.000000 0.000000
0.052336 0.000000 0.998630 -1.048561

param_ptm40
830.457114 0.000000 640.000000
0.000000 830.457114 384.000000
0 0 1
0
0
0.999048 0.000000 -0.043619 -0.045800
0.000000 1.000000 0.000000 0.000000
0.043619 0.000000 0.999048 -1.049001

param_ptm41
830.457114 0.000000 640.000000
0.000000 830.457114 384.000000
0 0 1
0
0
0.999391 0.000000 -0.034899 -0.036644
0.000000 1.000000 0.000000 0.000000
0.034899 0.000000 0.999391 -1.049360

param_ptm42
830.457114 0.000000 640.000000
0.000000 830.457114 384.000000
0 0 1
0
0
0.999657 0.000000 -0.026177 -0.027486
0.000000 1.000000 0.000000 0.000000
0.026177 0.000000 0.999657 -1.049640

param_ptm43
830.457114 0.000000 640.000000
0.000000 830.457114 384.000000
0 0 1
0
0
0.999848 0.000000 -0.017452 -0.018325
0.000000 1.000000 0.000000 0.000000
0.017452 0.000000 0.999848 -1.049840

param_ptm44
830.457114 0.000000 640.000000
0.000000 830.457114 384.000000
0 0 1
0
0
0.999962 0.000000 -0.008727 -0.009163
0.000000 1.000000 0.000000 0.000000
0.008727 0.000000 0.999962 -1.049960

param_ptm45
830.457114 0.000000 640.000000
0.000000 830.457114 384.000000
0 0 1
0
0
1.000000 0.000000 0.000000 0.000000
0.000000 1.000000 0.000000 0.000000
-0.000000 0.000000 1.000000 -1.050000

param_ptm46
830.457114 0.000000 640.000000
0.000000 830.457114 384.000000
0 0 1
0
0
0.999962 0.000000 0.008727 0.009163
0.000000 1.000000 0.000000 0.000000
-0.008727 0.000000 0.999962 -1.049960

param_ptm47
830.457114 0.000000 640.000000
0.000000 830.457114 384.000000
0 0 1
0
0
0.999848 0.000000 0.017452 0.018325
0.000000 1.000000 0.000000 0.000000
-0.017452 0.000000 0.999848 -1.049840

param_ptm48
830.457114 0.000000 640.000000
0.000000 830.457114 384.000000
0 0 1
0
0
0.999657 0.000000 0.026177 0.027486
0.000000 1.000000 0.000000 0.000000
-0.026177 0.000000 0.999657 -1.049640

param_ptm49
830.457114 0.000000 640.000000
0.000000 830.457114 384.000000
0 0 1
0
0
0.999391 0.000000 0.034899 0.036644
0.000000 1.000000 0.000000 0.000000
-0.034899 0.000000 0.999391 -1.049360

param_ptm50
830.457114 0.000000 640.000000
0.000000 830.457114 384.000000
0 0 1
0
0
0.999048 0.000000 0.043619 0.045800
0.000000 1.000000 0.000000 0.000000
-0.043619 0.000000 0.999048 -1.049001

param_ptm51
830.457114 0.000000 640.000000
0.000000 830.457114 384.000000
0 0 1
0
0
0.998630 0.000000 0.052336 0.054953
0.000000 1.000000 0.000000 0.000000
-0.052336 0.000000 0.998630 -1.048561

param_ptm52
830.457114 0.000000 640.000000
0.000000 830.457114 384.000000
0 0 1
0
0
0.998135 0.000000 0.061049 0.064101
0.000000 1.000000 0.000000 0.000000
-0.061049 0.000000 0.998135 -1.048042

param_ptm53
830.457114 0.000000 640.000000
0.000000 830.457114 384.000000
0 0 1
0
0
0.997564 0.000000 0.069756 0.073244
0.000000 1.000000 0.000000 0.000000
-0.069756 0.000000 0.997564 -1.047442

param_ptm54
830.457114 0.000000 640.000000
0.000000 830.457114 384.000000
0 0 1
0
0
0.996917 0.000000 0.078459 0.082382
0.000000 1.000000 0.000000 0.000000
-0.078459 0.000000 0.996917 -1.046763

param_ptm55
830.457114 0.000000 640.000000
0.000000 830.457114 384.000000
0 0 1
0
0
0.996195 0.000000 0.087156 0.091514
0.000000 1.000000 0.000000 0.000000
-0.087156 0.000000 0.996195 -1.046004

param_ptm56
830.457114 0.000000 640.000000
0.000000 830.457114 384.000000
0 0 1
0
0
0.995396 0.000000 0.095846 0.100638
0.000000 1.000000 0.000000 0.000000
-0.095846 0.000000 0.995396 -1.045166

param_ptm57
830.457114 0.000000 640.000000
0.000000 830.457114 384.000000
0 0 1
0
0
0.994522 0.000000 0.104528 0.109755
0.000000 1.000000 0.000000 0.000000
-0.104528 0.000000 0.994522 -1.044248

param_ptm58
830.457114 0.000000 640.000000
0.000000 830.457114 384.000000
0 0 1
0
0
0.993572 0.000000 0.113203 0.118863
0.000000 1.000000 0.000000 0.000000
-0.113203 0.000000 0.993572 -1.043250

param_ptm59
830.457114 0.000000 640.000000
0.000000 830.457114 384.000000
0 0 1
0
0
0.992546 0.000000 0.121869 0.127963
0.000000 1.000000 0.000000 0.000000
-0.121869 0.000000 0.992546 -1.042173

param_ptm60
830.457114 0.000000 640.000000
0.000000 830.457114 384.000000
0 0 1
0
0
0.991445 0.000000 0.130526 0.137053
0.000000 1.000000 0.000000 0.000000
-0.130526 0.000000 0.991445 -1.041017

param_ptm61
830.457114 0.000000 640.000000
0.000000 830.457114 384.000000
0 0 1
0
0
0.990268 0.000000 0.139173 0.146132
0.000000 1.000000 0.000000 0.000000
-0.139173 0.000000 0.990268 -1.039781

param_ptm62
830.457114 0.000000 640.000000
0.000000 830.457114 384.000000
0 0 1
0
0
0.989016 0.000000 0.147809 0.155200
0.000000 1.000000 0.000000 0.000000
-0.147809 0.000000 0.989016 -1.038467

param_ptm63
830.457114 0.000000 640.000000
0.000000 830.457114 384.000000
0 0 1
0
0
0.987688 0.000000 0.156434 0.164256
0.000000 1.000000 0.000000 0.000000
-0.156434 0.000000 0.987688 -1.037073

param_ptm64
830.457114 0.000000 640.000000
0.000000 830.457114 384.000000
0 0 1
0
0
0.986286 0.000000 0.165048 0.173300
0.000000 1.000000 0.000000 0.000000
-0.165048 0.000000 0.986286 -1.035600

param_ptm65
830.457114 0.000000 640.000000
0.000000 830.457114 384.000000
0 0 1
0
0
0.984808 0.000000 0.173648 0.182331
0.000000 1.000000 0.000000 0.000000
-0.173648 0.000000 0.984808 -1.034048

param_ptm66
830.457114 0.000000 640.000000
0.000000 830.457114 384.000000
0 0 1
0
0
0.983255 0.000000 0.182236 0.191347
0.000000 1.000000 0.000000 0.000000
-0.182236 0.000000 0.983255 -1.032418

param_ptm67
830.457114 0.000000 640.000000
0.000000 830.457114 384.000000
0 0 1
0
0
0.981627 0.000000 0.190809 0.200349
0.000000 1.000000 0.000000 0.000000
-0.190809 0.000000 0.981627 -1.030709

param_ptm68
830.457114 0.000000 640.000000
0.000000 830.457114 384.000000
0 0 1
0
0
0.979925 0.000000 0.199368 0.209336
0.000000 1.000000 0.000000 0.000000
-0.199368 0.000000 0.979925 -1.028921

param_ptm69
830.457114 0.000000 640.000000
0.000000 830.457114 384.000000
0 0 1
0
0
0.978148 0.000000 0.207912 0.218307
0.000000 1.000000 0.000000 0.000000
-0.207912 0.000000 0.978148 -1.027055

param_ptm70
830.457114 0.000000 640.000000
0.000000 830.457114 384.000000
0 0 1
0
0
0.976296 0.000000 0.216440 0.227262
0.000000 1.000000 0.000000 0.000000
-0.216440 0.000000 0.976296 -1.025111

param_ptm71
830.457114 0.000000 640.000000
0.000000 830.457114 384.000000
0 0 1
0
0
0.974370 0.000000 0.224951 0.236199
0.000000 1.000000 0.000000 0.000000
-0.224951 0.000000 0.974370 -1.023089

param_ptm72
830.457114 0.000000 640.000000
0.000000 830.457114 384.000000
0 0 1
0
0
0.972370 0.000000 0.233445 0.245118
0.000000 1.000000 0.000000 0.000000
-0.233445 0.000000 0.972370 -1.020988

param_ptm73
830.457114 0.000000 640.000000
0.000000 830.457114 384.000000
0 0 1
0
0
0.970296 0.000000 0.241922 0.254018
0.000000 1.000000 0.000000 0.000000
-0.241922 0.000000 0.970296 -1.018811

param_ptm74
830.457114 0.000000 640.000000
0.000000 830.457114 384.000000
0 0 1
0
0
0.968148 0.000000 0.250380 0.262899
0.000000 1.000000 0.000000 0.000000
-0.250380 0.000000 0.968148 -1.016555

param_ptm75
830.457114 0.000000 640.000000
0.000000 830.457114 384.000000
0 0 1
0
0
0.965926 0.000000 0.258819 0.271760
0.000000 1.000000 0.000000 0.000000
-0.258819 0.000000 0.965926 -1.014222

param_ptm76
830.457114 0.000000 640.000000
0.000000 830.457114 384.000000
0 0 1
0
0
0.963630 0.000000 0.267238 0.280600
0.000000 1.000000 0.000000 0.000000
-0.267238 0.000000 0.963630 -1.011812

param_ptm77
830.457114 0.000000 640.000000
0.000000 830.457114 384.000000
0 0 1
0
0
0.961262 0.000000 0.275637 0.289419
0.000000 1.000000 0.000000 0.000000
-0.275637 0.000000 0.961262 -1.009325

param_ptm78
830.457114 0.000000 640.000000
0.000000 830.457114 384.000000
0 0 1
0
0
0.958820 0.000000 0.284015 0.298216
0.000000 1.000000 0.000000 0.000000
-0.284015 0.000000 0.958820 -1.006761

param_ptm79
830.457114 0.000000 640.000000
0.000000 830.457114 384.000000
0 0 1
0
0
0.956305 0.000000 0.292372 0.306990
0.000000 1.000000 0.000000 0.000000
-0.292372 0.000000 0.956305 -1.004120

param_ptm80
830.457114 0.000000 640.000000
0.000000 830.457114 384.000000
0 0 1
0
0
0.953717 0.000000 0.300706 0.315741
0.000000 1.000000 0.000000 0.000000
-0.300706 0.000000 0.953717 -1.001403

param_ptm81
830.457114 0.000000 640.000000
0.000000 830.457114 384.000000
0 0 1
0
0
0.951057 0.000000 0.309017 0.324468
0.000000 1.000000 0.000000 0.000000
-0.309017 0.000000 0.951057 -0.998609

param_ptm82
830.457114 0.000000 640.000000
0.000000 830.457114 384.000000
0 0 1
0
0
0.948324 0.000000 0.317305 0.333170
0.000000 1.000000 0.000000 0.000000
-0.317305 0.000000 0.948324 -0.995740

param_ptm83
830.457114 0.000000 640.000000
0.000000 830.457114 384.000000
0 0 1
0
0
0.945519 0.000000 0.325568 0.341847
0.000000 1.000000 0.000000 0.000000
-0.325568 0.000000 0.945519 -0.992795

param_ptm84
830.457114 0.000000 640.000000
0.000000 830.457114 384.000000
0 0 1
0
0
0.942641 0.000000 0.333807 0.350497
0.000000 1.000000 0.000000 0.000000
-0.333807 0.000000 0.942641 -0.989774

param_ptm85
830.457114 0.000000 640.000000
0.000000 830.457114 384.000000
0 0 1
0
0
0.939693 0.000000 0.342020 0.359121
0.000000 1.000000 0.000000 0.000000
-0.342020 0.000000 0.939693 -0.986677

param_ptm86
830.457114 0.000000 640.000000
0.000000 830.457114 384.000000
0 0 1
0
0
0.936672 0.000000 0.350207 0.367718
0.000000 1.000000 0.000000 0.000000
-0.350207 0.000000 0.936672 -0.983506

param_ptm87
830.457114 0.000000 640.000000
0.000000 830.457114 384.000000
0 0 1
0
0
0.933580 0.000000 0.358368 0.376286
0.000000 1.000000 0.000000 0.000000
-0.358368 0.000000 0.933580 -0.980259

param_ptm88
830.457114 0.000000 640.000000
0.000000 830.457114 384.000000
0 0 1
0
0
0.930418 0.000000 0.366501 0.384826
0.000000 1.000000 0.000000 0.000000
-0.366501 0.000000 0.930418 -0.976938

param_ptm89
830.457114 0.000000 640.000000
0.000000 830.457114 384.000000
0 0 1
0
0
0.927184 0.000000 0.374607 0.393337
0.000000 1.000000 0.000000 0.000000
-0.374607 0.000000 0.927184 -0.973543

param_ptm90
830.457114 0.000000 640.000000
0.000000 830.457114 384.000000
0 0 1
0
0
0.923880 0.000000 0.382683 0.401818
0.000000 1.000000 0.000000 0.000000
-0.382683 0.000000 0.923880 -0.970074
