param_cam2
1726.6398135686711   0.0   952.0011001818202
0.0   1725.1218369974608   504.023695751091
0.0   0.0   1.0
0
0
0.652131   -0.607829   0.453067   -27.0553
-0.717793   -0.687346   0.111035   -10.6483
0.243923   -0.397617   -0.884535   0.856718
virtual_000
1726.50522277   0.0   951.25555494
0.0   1724.84290367   506.261181121
0.0   0.0   1.0
0
0
0.655914554352   -0.60981088281   0.444867143152   -26.8749634164
-0.716443930374   -0.688507126646   0.112543406216   -10.8309783171
0.2376640169   -0.392541229827   -0.888497167829   0.955531401062
virtual_001
1726.37063196   0.0   950.510009699
0.0   1724.56397033   508.498666491
0.0   0.0   1.0
0
0
0.659640492277   -0.611745321707   0.436625806851   -26.6945497343
-0.715082318652   -0.689676040077   0.114036231808   -11.013634852
0.231369226309   -0.387446312653   -0.892386489017   1.05429898432
virtual_002
1726.23604116   0.0   949.764464457
0.0   1724.285037   510.73615186
0.0   0.0   1.0
0
0
0.663307969444   -0.613632101396   0.428343538705   -26.5139818551
-0.713708391623   -0.690852440753   0.115512948496   -11.1962478224
0.22503971998   -0.382333047467   -0.896202300866   1.15297493196
virtual_003
1726.10145036   0.0   949.018919216
0.0   1724.00610367   512.97363723
0.0   0.0   1.0
0
0
0.666916605099   -0.615470786512   0.42002134137   -26.3331826803
-0.712322170603   -0.692036350744   0.116973406652   -11.378795446
0.218676318527   -0.377202025272   -0.89994405396   1.25151342618
virtual_004
1725.96685956   0.0   948.273373974
0.0   1723.72717034   515.2111226
0.0   0.0   1.0
0
0
0.670465860728   -0.617261202108   0.411660239752   -26.1520751114
-0.710923953592   -0.693227571988   0.118417463363   -11.5612559407
0.212279726506   -0.372053986716   -0.90361117033   1.34986864917
virtual_005
1725.83226876   0.0   947.527828732
0.0   1723.44823701   517.44860797
0.0   0.0   1.0
0
0
0.673955104312   -0.619003038412   0.403261353681   -25.9705820498
-0.709513864817   -0.694425860472   0.119844774238   -11.7436075241
0.205850823345   -0.366889535564   -0.907203115773   1.44799478314
virtual_006
1725.69767795   0.0   946.782283491
0.0   1723.16930368   519.686093339
0.0   0.0   1.0
0
0
0.677384024067   -0.620696047256   0.394825681501   -25.788626397
-0.708092062045   -0.695631236568   0.121255258943   -11.9258284141
0.199390403578   -0.361709297456   -0.910719409352   1.54584601026
virtual_007
1725.56308715   0.0   946.036738249
0.0   1722.89037034   521.923578709
0.0   0.0   1.0
0
0
0.680752006967   -0.62233993743   0.38635436729   -25.6061310544
-0.706658714885   -0.696843418087   0.122648664364   -12.1078968283
0.192899344026   -0.356514000293   -0.914159512139   1.64337651273
virtual_008
1725.42849635   0.0   945.291193008
0.0   1722.61143701   524.161064079
0.0   0.0   1.0
0
0
0.684058728182   -0.623934480099   0.377848367519   -25.4230189235
-0.705213968788   -0.698062366752   0.124024841674   -12.2897909845
0.1863783352   -0.35130424289   -0.917522990634   1.74054047275
virtual_009
1725.29390555   0.0   944.545647766
0.0   1722.33250368   526.398549449
0.0   0.0   1.0
0
0
0.687303582322   -0.62547962717   0.369308883525   -25.2392129058
-0.703758198975   -0.699287770498   0.125383608744   -12.4714891006
0.179828294626   -0.346080759611   -0.920809369092   1.83729207251
virtual_010
1725.15931475   0.0   943.800102525
0.0   1722.05357035   528.636034819
0.0   0.0   1.0
0
0
0.690486250622   -0.626974936072   0.360736981766   -25.0546359028
-0.702291348906   -0.700519597148   0.12672471019   -12.6529693941
0.173250113181   -0.340844125657   -0.924018227979   1.93358549421
virtual_011
1725.02472394   0.0   943.054557283
0.0   1721.77463702   530.873520188
0.0   0.0   1.0
0
0
0.6936062809   -0.628420335378   0.352133755978   -24.8692108159
-0.700813750714   -0.701757607001   0.128048110901   -12.834210083
0.16664449405   -0.335595158797   -0.927149122754   2.02937492003
virtual_012
1724.89013314   0.0   942.309012041
0.0   1721.49570368   533.111005558
0.0   0.0   1.0
0
0
0.696663354052   -0.629815591839   0.343500336988   -24.6828605465
-0.699325513485   -0.703001756515   0.129353542233   -13.0151893849
0.160012449622   -0.330334423809   -0.930201688739   2.12461453217
virtual_013
1724.75554234   0.0   941.5634668
0.0   1721.21677035   535.348490928
0.0   0.0   1.0
0
0
0.699656952808   -0.631160676656   0.334837854911   -24.4955079962
-0.697826984887   -0.704251724218   0.130640870577   -13.1958855176
0.153354756367   -0.325062677803   -0.933175536424   2.21925851282
virtual_014
1724.62095154   0.0   940.817921558
0.0   1720.93783702   537.585976298
0.0   0.0   1.0
0
0
0.702586807656   -0.632455264909   0.326147404989   -24.3070760664
-0.696318196093   -0.705507446605   0.131909922423   -13.3762766988
0.14667231001   -0.319780540751   -0.936070322786   2.31326104418
virtual_015
1724.48636074   0.0   940.072376317
0.0   1720.65890369   539.823461667
0.0   0.0   1.0
0
0
0.705452594832   -0.633699247832   0.317430142375   -24.1174876585
-0.694799364412   -0.706768780765   0.133160542959   -13.5563411464
0.139965969774   -0.314488720451   -0.938885708692   2.40657630844
virtual_016
1724.35176994   0.0   939.326831075
0.0   1720.37997036   542.060947037
0.0   0.0   1.0
0
0
0.708253961167   -0.634892513619   0.308687224194   -23.9266656741
-0.693270726125   -0.708035526893   0.134392613619   -13.736057078
0.133236663409   -0.309187925597   -0.941621379574   2.49915848779
virtual_017
1724.21717913   0.0   938.581285834
0.0   1720.10103703   544.298432407
0.0   0.0   1.0
0
0
0.710990545066   -0.636035067269   0.299919796918   -23.7345330146
-0.691732600163   -0.709307466287   0.135605966894   -13.9154027114
0.126485204155   -0.303878856803   -0.944277041998   2.59096176443
virtual_018
1724.08258833   0.0   937.835740592
0.0   1719.82210369   546.535917777
0.0   0.0   1.0
0
0
0.713662045533   -0.637126711629   0.2911289913   -23.5410125814
-0.690185085325   -0.710584439418   0.136800425053   -14.0943562643
0.11971252382   -0.298562145896   -0.946852444706   2.68194032055
virtual_019
1723.94799753   0.0   937.09019535
0.0   1719.54317036   548.773403147
0.0   0.0   1.0
0
0
0.716268302512   -0.638167198142   0.282316016271   -23.3460272761
-0.68862825636   -0.711866381768   0.137975943118   -14.2728959546
0.112919556444   -0.293238575823   -0.949347307244   2.77204833834
param_cam3
1723.813406727205   0.0   936.3446501088648
0.0   1719.264237030214   551.0108885162743
0.0   0.0   1.0
0
0
0.718809   -0.639157   0.273482   -23.1495
-0.687062   -0.713153   0.139132   -14.451
0.106107   -0.287909   -0.951761   2.86124
virtual_020
1723.68454621   0.0   936.345623804
0.0   1719.15437571   550.817926792
0.0   0.0   1.0
0
0
0.721355090823   -0.639849571572   0.265027077596   -22.9513944828
-0.685364338085   -0.714558631472   0.140291412927   -14.6286469233
0.0996119991526   -0.282840031605   -0.953980592579   2.94943934699
virtual_021
1723.5556857   0.0   936.346597499
0.0   1719.04451439   550.624965068
0.0   0.0   1.0
0
0
0.723842602613   -0.640496060021   0.256547603659   -22.7518377668
-0.683655913045   -0.715969082475   0.141431448736   -14.8058164676
0.0930938632325   -0.277764405641   -0.956127852855   3.03644985786
virtual_022
1723.42682518   0.0   936.347571195
0.0   1718.93465308   550.432003345
0.0   0.0   1.0
0
0
0.726271119791   -0.641096018877   0.248044593678   -22.5509977224
-0.681937465193   -0.717384197425   0.142552327091   -14.9824886813
0.0865535384513   -0.272682546722   -0.958202856512   3.12204487042
virtual_023
1723.29796466   0.0   936.34854489
0.0   1718.82479176   550.239041621
0.0   0.0   1.0
0
0
0.728640324899   -0.641649387205   0.239518939936   -22.3490422198
-0.680209217475   -0.718803843356   0.143653867082   -15.1586436126
0.0799917179714   -0.267594990563   -0.960205315084   3.2059977225
virtual_024
1723.16910415   0.0   936.349518585
0.0   1718.71493044   550.046079897
0.0   0.0   1.0
0
0
0.730949817606   -0.642156079163   0.230971691812   -22.1461391296
-0.678471401914   -0.72022778275   0.144735909576   -15.3342613098
0.0734091790379   -0.262502374529   -0.962134912677   3.28808175191
virtual_025
1723.04024363   0.0   936.35049228
0.0   1718.60506912   549.853118173
0.0   0.0   1.0
0
0
0.733199463057   -0.642615811265   0.222403773394   -21.942456322
-0.676724009786   -0.721656030427   0.145798355229   -15.509321821
0.0668066877692   -0.25740525916   -0.963991389581   3.36807029648
virtual_026
1722.91138312   0.0   936.351465976
0.0   1718.4952078   549.660156449
0.0   0.0   1.0
0
0
0.735388707123   -0.643028807494   0.213816330036   -21.7381616676
-0.674967576447   -0.723088165487   0.146841038155   -15.6838051947
0.0601850301588   -0.252304326978   -0.965774448557   3.44573669402
virtual_027
1722.7825226   0.0   936.352439671
0.0   1718.38534648   549.467194725
0.0   0.0   1.0
0
0
0.737517514258   -0.643394652456   0.205210213946   -21.5334230367
-0.673201935198   -0.724524283478   0.14786383589   -15.857691479
0.0535449917111   -0.247200082976   -0.967483879263   3.52085428235
virtual_028
1722.65366209   0.0   936.353413366
0.0   1718.27548517   549.274233001
0.0   0.0   1.0
0
0
0.739585342007   -0.643713652046   0.196586531614   -21.3284082996
-0.671427669197   -0.72596393567   0.148866584184   -16.0309607221
0.0468872892441   -0.242093179969   -0.969119431432   3.59319639928
virtual_029
1722.52480157   0.0   936.354387061
0.0   1718.16562385   549.081271277
0.0   0.0   1.0
0
0
0.741592185456   -0.643985424508   0.187946302053   -21.1232853268
-0.669644661206   -0.727407209658   0.149849211566   -16.2035929725
0.0402127796754   -0.236984242168   -0.97068089474   3.66253638265
virtual_030
1722.39594106   0.0   936.355360756
0.0   1718.05576253   548.888309553
0.0   0.0   1.0
0
0
0.743537621431   -0.644210179127   0.179290497503   -20.9182219887
-0.667853353507   -0.728853757823   0.150811574233   -16.3755682782
0.0335222024876   -0.231873836369   -0.972168084197   3.72864757026
virtual_031
1722.26708054   0.0   936.356334452
0.0   1717.94590121   548.695347829
0.0   0.0   1.0
0
0
0.745421531592   -0.644387669208   0.170620170771   -20.7133861556
-0.666053744015   -0.730303521738   0.151753567886   -16.5468666876
0.0268163763403   -0.226762580819   -0.973580820642   3.79130329993
virtual_032
1722.13822002   0.0   936.357308147
0.0   1717.83603989   548.502386105
0.0   0.0   1.0
0
0
0.747243650941   -0.644518073839   0.161936347641   -20.508945698
-0.664246244239   -0.73175628343   0.152675056311   -16.7174682489
0.0200961154545   -0.221651077538   -0.974918945618   3.85027690949
virtual_033
1722.00935951   0.0   936.358281842
0.0   1717.72617857   548.309424381
0.0   0.0   1.0
0
0
0.749003735488   -0.644601330792   0.153240077126   -20.3050684862
-0.662431015325   -0.733211817344   0.15357595675   -16.8873530104
0.0133621767101   -0.216539949078   -0.976182310853   3.90534173675
virtual_034
1721.88049899   0.0   936.359255537
0.0   1717.61631726   548.116462658
0.0   0.0   1.0
0
0
0.750701692273   -0.644637406971   0.144532366998   -20.1019223907
-0.660608225604   -0.734670055249   0.15445615102   -17.0565010204
0.00661538538622   -0.211429760861   -0.977370805432   3.95627111953
virtual_035
1721.75163848   0.0   936.360229233
0.0   1717.50645594   547.923500934
0.0   0.0   1.0
0
0
0.752337281935   -0.644626321082   0.135814274188   -19.8996752817
-0.658778103898   -0.736130741999   0.155315600334   -17.2248923271
-0.000143468390296   -0.206321183535   -0.97848431099   4.00283839565
virtual_036
1721.62277796   0.0   936.361202928
0.0   1717.39659462   547.73053921
0.0   0.0   1.0
0
0
0.75391035247   -0.644568189191   0.12708682903   -19.6984950298
-0.656940953758   -0.737593719349   0.156154162041   -17.3925069787
-0.0069135495703   -0.201214781386   -0.979522748847   4.04481690293
virtual_037
1721.49391745   0.0   936.362176623
0.0   1717.2867333   547.537577486
0.0   0.0   1.0
0
0
0.755420801773   -0.644462905649   0.118351080042   -19.4985495053
-0.655096853358   -0.739058848427   0.156971756409   -17.5593250235
-0.0136940595947   -0.19611115153   -0.980486046754   4.08197997919
virtual_038
1721.36505693   0.0   936.363150318
0.0   1717.17687198   547.344615762
0.0   0.0   1.0
0
0
0.756868471425   -0.644310664374   0.109608060496   -19.3000065785
-0.653246168552   -0.740525923573   0.157768316373   -17.7253265099
-0.0204841953435   -0.191010905294   -0.98137415477   4.11410096224
virtual_039
1721.23619642   0.0   936.364124014
0.0   1717.06701066   547.151654038
0.0   0.0   1.0
0
0
0.758253246024   -0.644111413027   0.100858805732   -19.10303412
-0.651389008974   -0.741994767263   0.158543748963   -17.8904914859
-0.0272831363137   -0.185914628904   -0.982187040107   4.1409531899
param_cam4
1721.1073359005352   0.0   936.3650977088586
0.0   1716.9571493450005   546.9586923140441
0.0   0.0   1.0
0
0
0.759575   -0.643865   0.0921044   -18.9078
-0.649526   -0.743465   0.159298   -18.0548
-0.0340901   -0.180823   -0.982925   4.16231
virtual_040
1721.18944495   0.0   935.916318598
0.0   1717.03706104   548.269380194
0.0   0.0   1.0
0
0
0.760868203056   -0.643505586348   0.0835469964913   -18.714401153
-0.647644693368   -0.745043429527   0.15958258801   -18.2182675715
-0.0404461494258   -0.175530089476   -0.9836428711   4.17803921228
virtual_041
1721.27155399   0.0   935.467539488
0.0   1717.11697274   549.580068074
0.0   0.0   1.0
0
0
0.762104372247   -0.643097894693   0.0749801997626   -18.5226507695
-0.645759476593   -0.746621673676   0.159846118356   -18.3810516045
-0.0468148575529   -0.170238600033   -0.984290194986   4.18838657422
virtual_042
1721.35366304   0.0   935.018760378
0.0   1717.19688444   550.890755954
0.0   0.0   1.0
0
0
0.763283228025   -0.642642301759   0.066404986528   -18.3322911038
-0.643870317984   -0.748199629267   0.160088620718   -18.5433449742
-0.0531955261587   -0.164949158335   -0.984866494946   4.19369231523
virtual_043
1721.43577208   0.0   934.569981267
0.0   1717.27679613   552.201443834
0.0   0.0   1.0
0
0
0.764404745234   -0.642138592724   0.0578222628286   -18.1430644106
-0.641977201594   -0.749777289455   0.160309986964   -18.705340556
-0.0595874063082   -0.159662290471   -0.985371653899   4.19429666471
virtual_044
1721.51788113   0.0   934.121202157
0.0   1717.35670783   553.512131714
0.0   0.0   1.0
0
0
0.765468642421   -0.641587002435   0.0492330106036   -17.9547129443
-0.640080555937   -0.75135436541   0.160510170281   -18.867231225
-0.065989794055   -0.154378596748   -0.985805557545   4.19053985208
virtual_045
1721.59999018   0.0   933.672423046
0.0   1717.43661953   554.822819594
0.0   0.0   1.0
0
0
0.766474802241   -0.640987448087   0.0406382151387   -17.7669789594
-0.63818047902   -0.752930710482   0.160689199279   -19.0292098565
-0.0724019969086   -0.149098738633   -0.98616809859   4.18276210675
virtual_046
1721.68209922   0.0   933.223643936
0.0   1717.51653122   556.133507474
0.0   0.0   1.0
0
0
0.76742302175   -0.640340061662   0.0320388246916   -17.5796047104
-0.636277274261   -0.754506097027   0.160846994516   -19.1914693257
-0.0788232900527   -0.143823262589   -0.986459202983   4.17130365812
virtual_047
1721.76420827   0.0   932.774864825
0.0   1717.59644292   557.444195354
0.0   0.0   1.0
0
0
0.768313283545   -0.639644804233   0.0234358081316   -17.3923324516
-0.634371067352   -0.756080460321   0.160983529569   -19.354202508
-0.0852529236198   -0.138552780521   -0.986678803906   4.1565047356
virtual_048
1721.84631732   0.0   932.326085715
0.0   1717.67635462   558.754883234
0.0   0.0   1.0
0
0
0.769145373178   -0.63890178543   0.0148301428367   -17.2049044378
-0.63246211845   -0.75765353057   0.161098813387   -19.5176022785
-0.0916902011548   -0.133287912765   -0.986826854769   4.1387055686
virtual_049
1721.92842636   0.0   931.877306604
0.0   1717.75626631   560.065571114
0.0   0.0   1.0
0
0
0.769919182253   -0.638111053485   0.00622281086173   -17.0170629232
-0.630550618877   -0.759225125396   0.161192776062   -19.6818615126
-0.098134384021   -0.128029208505   -0.98690332009   4.11824638653
virtual_050
1722.01053541   0.0   931.428527494
0.0   1717.83617801   561.376258994
0.0   0.0   1.0
0
0
0.770634705309   -0.637272644145   -0.00238524739351   -16.8285501624
-0.628636733366   -0.760795158644   0.161265459247   -19.8471730854
-0.104584752624   -0.122777303852   -0.986908184244   4.0954674188
virtual_051
1722.09264445   0.0   930.979748384
0.0   1717.91608971   562.686946874
0.0   0.0   1.0
0
0
0.771291738779   -0.636386856732   -0.0109930258642   -16.63910841
-0.626720881678   -0.762363321821   0.161316851859   -20.0137298722
-0.111040596283   -0.117532801051   -0.986841439668   4.07070889482
virtual_052
1722.1747535   0.0   930.530969273
0.0   1717.99600141   563.997634754
0.0   0.0   1.0
0
0
0.771890289444   -0.635453580326   -0.0195995793294   -16.4484799202
-0.624803071259   -0.763929528456   0.161346871857   -20.1817247482
-0.11750114742   -0.112296205328   -0.986703118272   4.04431104399
virtual_053
1722.25686255   0.0   930.082190163
0.0   1718.0759131   565.308322634
0.0   0.0   1.0
0
0
0.772430300215   -0.634473006741   -0.0282039098874   -16.2564069478
-0.622883586083   -0.765493581361   0.161355636473   -20.3513505888
-0.123965698515   -0.107068233425   -0.986493233556   4.01661409573
virtual_054
1722.33897159   0.0   929.633411052
0.0   1718.1558248   566.619010514
0.0   0.0   1.0
0
0
0.772911776479   -0.63344515471   -0.036805068771   -16.062631747
-0.620962542718   -0.767055363768   0.161343050507   -20.5228002691
-0.130433501615   -0.101849375883   -0.986211845998   3.98795827943
virtual_055
1722.42108064   0.0   929.184631942
0.0   1718.2357365   567.929698395
0.0   0.0   1.0
0
0
0.773334539089   -0.632370408237   -0.045402071239   -15.8668965725
-0.619040402529   -0.768614545641   0.161309182351   -20.6962666645
-0.136903841363   -0.0966402528946   -0.985859016774   3.95868382452
virtual_056
1722.50318968   0.0   928.735852831
0.0   1718.31564819   569.240386275
0.0   0.0   1.0
0
0
0.773698685164   -0.631248743075   -0.0539939524261   -15.6689436787
-0.617117209771   -0.770171063811   0.161254021123   -20.87194265
-0.143375981413   -0.0914414293871   -0.985434824212   3.9291309604
virtual_057
1722.58529873   0.0   928.287073721
0.0   1718.39555989   570.551074155
0.0   0.0   1.0
0
0
0.774004208029   -0.630080352488   -0.0625797375171   -15.46851532
-0.615193220449   -0.771724736236   0.161177614875   -21.0500211011
-0.149849177512   -0.0862535197198   -0.984939365345   3.89963991648
virtual_058
1722.66740778   0.0   927.83829461
0.0   1718.47547159   571.861762035
0.0   0.0   1.0
0
0
0.774251136081   -0.628865356591   -0.0711584831225   -15.265353751
-0.613268598828   -0.773275408155   0.161079969881   -21.230694893
-0.156322722548   -0.0810770897854   -0.984372751671   3.87055092217
virtual_059
1722.74951682   0.0   927.3895155
0.0   1718.55538328   573.172449915
0.0   0.0   1.0
0
0
0.774439418465   -0.627604040492   -0.0797292196569   -15.0592012262
-0.611343672515   -0.774822836544   0.160961113488   -21.4141569009
-0.162795867511   -0.0759126781167   -0.983735113245   3.84220420687
param_cam5
1722.8316258686957   0.0   926.9407363895187
0.0   1718.6352949808092   574.4831377946557
0.0   0.0   1.0
0
0
0.774569   -0.626296   -0.0882909   -14.8498
-0.609419   -0.776367   0.160821   -21.6006
-0.169268   -0.070761   -0.983027   3.81494
virtual_060
1722.60044894   0.0   927.361001789
0.0   1718.35454664   574.357273697
0.0   0.0   1.0
0
0
0.774342208092   -0.625133962032   -0.0979880287507   -14.6369931954
-0.607653391623   -0.777833591427   0.160412716006   -21.790118165
-0.176497820493   -0.0646715776583   -0.982174173383   3.78898977193
virtual_061
1722.36927202   0.0   927.781267189
0.0   1718.07379831   574.2314096
0.0   0.0   1.0
0
0
0.774042480313   -0.623909670847   -0.107679948265   -14.4210274093
-0.605889396105   -0.779297043362   0.159981779942   -21.9824097676
-0.183728838759   -0.0585905534019   -0.981229258593   3.76414995692
virtual_062
1722.13809509   0.0   928.201532589
0.0   1717.79304997   574.105545502
0.0   0.0   1.0
0
0
0.77366970715   -0.62262393818   -0.117365383322   -14.2022501072
-0.604127039133   -0.780756838224   0.159528357011   -22.177074279
-0.190959998631   -0.0525186549326   -0.980191853709   3.74010823019
virtual_063
1721.90691816   0.0   928.621797988
0.0   1717.51230164   573.979681405
0.0   0.0   1.0
0
0
0.773224104529   -0.621276593428   -0.127042922268   -13.9810087544
-0.602366296185   -0.78221300464   0.159052462193   -22.3737111704
-0.198190196463   -0.0464568236749   -0.979062004325   3.71655226696
virtual_064
1721.67574124   0.0   929.042063388
0.0   1717.2315533   573.853817308
0.0   0.0   1.0
0
0
0.772705539986   -0.619867904653   -0.136711150088   -13.7576508165
-0.600607561009   -0.783665204153   0.158554133253   -22.5719199128
-0.205418386958   -0.0404059077435   -0.977839787404   3.69316974246
virtual_065
1721.44456431   0.0   929.462328788
0.0   1716.95080496   573.72795321
0.0   0.0   1.0
0
0
0.772114046538   -0.618398032069   -0.1463687082   -13.5325237587
-0.598851089816   -0.785113254362   0.158033456074   -22.7712999776
-0.212643587757   -0.0343668004449   -0.976525282661   3.66964833191
virtual_066
1721.21338738   0.0   929.882594188
0.0   1716.67005663   573.602089113
0.0   0.0   1.0
0
0
0.771449686477   -0.616867066397   -0.156014147851   -13.3059750465
-0.597097071472   -0.786556962635   0.157490450344   -22.9714508357
-0.219864688902   -0.0283403646725   -0.975118631046   3.64567571054
virtual_067
1720.98221046   0.0   930.302859587
0.0   1716.38930829   573.476225015
0.0   0.0   1.0
0
0
0.770712473524   -0.615275266869   -0.165646115611   -13.0783521454
-0.59534582659   -0.787996087425   0.156925198164   -23.1719719584
-0.227080685038   -0.0223274822377   -0.973619971505   3.62093955357
virtual_068
1720.75103353   0.0   930.723124987
0.0   1716.10855996   573.350360918
0.0   0.0   1.0
0
0
0.769902463607   -0.613622859862   -0.175263216402   -12.8500025207
-0.593597628155   -0.789430402614   0.156337803952   -23.3724628168
-0.234290557147   -0.0163290342657   -0.972029473307   3.59512753622
virtual_069
1720.5198566   0.0   931.143390387
0.0   1715.82781162   573.224496821
0.0   0.0   1.0
0
0
0.769019889326   -0.611909869759   -0.184864025811   -12.6212736379
-0.591852541845   -0.790859824815   0.155728272513   -23.572522882
-0.241493201089   -0.0103458975401   -0.970347357602   3.56792733372
virtual_070
1720.28867968   0.0   931.563655787
0.0   1715.54706328   573.098632723
0.0   0.0   1.0
0
0
0.768064617547   -0.610136888702   -0.194447203326   -12.3925129624
-0.590111168959   -0.792283913582   0.155096760991   -23.7717516252
-0.248687646946   -0.00437885499291   -0.968573836903   3.53902662128
virtual_071
1720.05750275   0.0   931.983921186
0.0   1715.26631495   572.972768626
0.0   0.0   1.0
0
0
0.767037042116   -0.608303835315   -0.204011378016   -12.1640679596
-0.588373421628   -0.793702711348   0.154443329452   -23.9697485176
-0.255872851126   0.00157111873945   -0.966709170581   3.50811307414
virtual_072
1719.82632583   0.0   932.404186586
0.0   1714.98556661   572.846904528
0.0   0.0   1.0
0
0
0.765937091131   -0.606411221771   -0.213555136801   -11.936286095
-0.586639790603   -0.795115794414   0.153768081592   -24.1661130303
-0.263047758052   0.00750325640177   -0.964753635452   3.47487436752
virtual_073
1719.5951489   0.0   932.824451986
0.0   1714.70481828   572.721040431
0.0   0.0   1.0
0
0
0.764765207849   -0.604459079405   -0.223077109495   -11.7095148338
-0.584910273449   -0.796523205819   0.153071087245   -24.3604446344
-0.27021130156   0.0134166557225   -0.962707557411   3.43899817664
virtual_074
1719.36397197   0.0   933.244717386
0.0   1714.42406994   572.595176334
0.0   0.0   1.0
0
0
0.763521356874   -0.6024479768   -0.232575939455   -11.4841016416
-0.583185369793   -0.797924519554   0.152352502746   -24.5523428011
-0.277362498704   0.0193105049287   -0.960571258933   3.40017217672
virtual_075
1719.13279505   0.0   933.664982785
0.0   1714.1433216   572.469312236
0.0   0.0   1.0
0
0
0.762205863118   -0.60037810992   -0.24205031468   -11.2603939838
-0.581465199903   -0.799319654197   0.151612419634   -24.7414070015
-0.284500348851   0.025183961414   -0.958345088783   3.35808404299
virtual_076
1718.90161812   0.0   934.085248185
0.0   1713.86257327   572.343448139
0.0   0.0   1.0
0
0
0.760819036087   -0.598249696294   -0.251498852701   -11.0387393258
-0.579749893905   -0.80070845646   0.150850940595   -24.9272367068
-0.291623789391   0.0310361719756   -0.956029458017   3.31242145068
virtual_077
1718.67044119   0.0   934.505513585
0.0   1713.58182493   572.217584041
0.0   0.0   1.0
0
0
0.759360964754   -0.596063380824   -0.260920226583   -10.819485133
-0.578039964938   -0.802090589712   0.150068252724   -25.1094313882
-0.298731847528   0.0368663471853   -0.953624744127   3.26287207499
virtual_078
1718.43926427   0.0   934.925778985
0.0   1713.3010766   572.091719944
0.0   0.0   1.0
0
0
0.75783200146   -0.593819373957   -0.270313146642   -10.6029788708
-0.576335503303   -0.803465927122   0.149264463122   -25.2875905168
-0.305823536064   0.0426736753133   -0.951131391411   3.20912359117
virtual_079
1718.20808734   0.0   935.346044384
0.0   1713.02032826   571.965855847
0.0   0.0   1.0
0
0
0.756232571978   -0.591517964452   -0.279676197673   -10.3895680047
-0.574636653217   -0.804834376172   0.148439652535   -25.4613135636
-0.312897740356   0.0484573019303   -0.948549887518   3.15086367443
param_cam6
1717.9769104135084   0.0   935.7663097841635
0.0   1712.7395799250464   571.8399917492578
0.0   0.0   1.0
0
0
0.754563   -0.58916   -0.289008   -10.1796
-0.572944   -0.806196   0.147594   -25.6302
-0.319954   0.0542164   -0.945881   3.08778
virtual_080
1717.52477192   0.0   935.667284937
0.0   1712.18231529   572.541559323
0.0   0.0   1.0
0
0
0.752949198013   -0.587499813239   -0.296498710008   -9.97332876815
-0.571701157953   -0.807107008865   0.147431623936   -25.7939712901
-0.325922231612   0.058500140432   -0.943584878005   3.01964268197
virtual_081
1717.07263343   0.0   935.568260089
0.0   1711.62505065   573.243126898
0.0   0.0   1.0
0
0
0.751287380987   -0.585805006044   -0.303973303188   -9.77063400423
-0.570458740796   -0.80801744691   0.147257045716   -25.9528368709
-0.331879644563   0.0627718709902   -0.941230890522   2.9465515899
virtual_082
1716.62049494   0.0   935.469235241
0.0   1711.06778602   573.944694472
0.0   0.0   1.0
0
0
0.74957746105   -0.584075550292   -0.311431200352   -9.57130184929
-0.569216789814   -0.808926804344   0.147070334965   -26.1071281722
-0.337825231388   0.0670312555581   -0.938818897523   2.86868903225
virtual_083
1716.16835645   0.0   935.370210394
0.0   1710.51052138   574.646262046
0.0   0.0   1.0
0
0
0.747819506212   -0.582311597711   -0.318871760008   -9.37511844441
-0.567975431772   -0.809834960412   0.146871532907   -26.2571766242
-0.343758498459   0.0712779199928   -0.93634905966   2.78623731745
virtual_084
1715.71621796   0.0   935.271185546
0.0   1709.95325675   575.34782962
0.0   0.0   1.0
0
0
0.746013685758   -0.580513250975   -0.326294249054   -9.18186993062
-0.566734746447   -0.810741872789   0.146660632983   -26.4033136567
-0.349678849273   0.075511457136   -0.933821564133   2.69937875393
virtual_085
1715.26407947   0.0   935.172160699
0.0   1709.39599211   576.049397194
0.0   0.0   1.0
0
0
0.744160092109   -0.57868073234   -0.333698043378   -8.99134244898
-0.565494921977   -0.811647416621   0.146437671756   -26.5458706997
-0.355585807821   0.0797314834046   -0.931236604414   2.60829565015
virtual_086
1714.81194098   0.0   935.073135851
0.0   1708.83872748   576.750964769
0.0   0.0   1.0
0
0
0.742259018974   -0.576813973264   -0.341082351249   -8.80332214055
-0.564255858796   -0.812551604669   0.146202585248   -26.6851791833
-0.3614787079   0.0839375321874   -0.928594441044   2.51317031453
virtual_087
1714.35980249   0.0   934.974111004
0.0   1708.28146284   577.452532343
0.0   0.0   1.0
0
0
0.740310407774   -0.574913496647   -0.348446521079   -8.61759514638
-0.563018025128   -0.813454176558   0.1459554967   -26.8215705374
-0.367357062153   0.0881293050166   -0.925895255559   2.41418505552
virtual_088
1713.907664   0.0   934.875086156
0.0   1707.72419821   578.154099917
0.0   0.0   1.0
0
0
0.738314607559   -0.572979177244   -0.355789812593   -8.43394760754
-0.561781251461   -0.814355208834   0.145696331103   -26.955376192
-0.37322024738   0.0923063269446   -0.923139303998   2.31152218157
virtual_089
1713.4555255   0.0   934.776061308
0.0   1707.16693357   578.855667491
0.0   0.0   1.0
0
0
0.736271775859   -0.571011217745   -0.363111661325   -8.25216566506
-0.56054567583   -0.815254611672   0.145425149242   -27.086927577
-0.37906784948   0.096468226405   -0.920326818126   2.2053640011
virtual_090
1713.00338701   0.0   934.677036461
0.0   1706.60966894   579.557235065
0.0   0.0   1.0
0
0
0.734181978213   -0.569009905863   -0.370411297727   -8.07203546001
-0.559311525977   -0.816152193636   0.145142008232   -27.2165561226
-0.384899232648   0.100614671364   -0.917458042264   2.09589282256
virtual_091
1712.55124852   0.0   934.578011613
0.0   1706.0524043   580.25880264
0.0   0.0   1.0
0
0
0.732045434632   -0.566975467245   -0.377688104496   -7.89334313344
-0.558078953847   -0.817047881821   0.144846916686   -27.3445932586
-0.390713918014   0.10474525221   -0.914533258098   1.98329095438
virtual_092
1712.09911003   0.0   934.478986766
0.0   1705.49513967   580.960370214
0.0   0.0   1.0
0
0
0.729862499148   -0.564907862347   -0.384941316746   -7.7158748264
-0.556847844832   -0.817941735599   0.14453984456   -27.471370415
-0.396511271077   0.108859524828   -0.911552751467   1.86774070502
virtual_093
1711.64697154   0.0   934.379961918
0.0   1704.93787503   581.661937788
0.0   0.0   1.0
0
0
0.727633205183   -0.562807536993   -0.392170291778   -7.53941667996
-0.555618559244   -0.818833504302   0.144220905027   -27.5972190218
-0.402290788037   0.112957195631   -0.908516799538   1.74942438291
virtual_094
1711.19483305   0.0   934.280937071
0.0   1704.3806104   582.363505362
0.0   0.0   1.0
0
0
0.725357855771   -0.560674598894   -0.399374508871   -7.36375483516
-0.554391113459   -0.819723219065   0.143890092674   -27.7224705091
-0.40805207637   0.11703785703   -0.90542566957   1.62852429648
virtual_095
1710.74269456   0.0   934.181912223
0.0   1703.82334576   583.065072936
0.0   0.0   1.0
0
0
0.723036689624   -0.558509153931   -0.406553126667   -7.18867543307
-0.55316552019   -0.820610759379   0.143547432562   -27.8474563067
-0.413794426559   0.121101125984   -0.902279718013   1.50522275418
virtual_096
1710.29055607   0.0   934.082887375
0.0   1703.26608113   583.766640511
0.0   0.0   1.0
0
0
0.720669932497   -0.556311548616   -0.413705569847   -7.01396461473
-0.551942020697   -0.821496051734   0.143192963666   -27.9725078447
-0.419517393693   0.125146633476   -0.89907924349   1.37970206445
virtual_097
1709.83841758   0.0   933.983862528
0.0   1702.70881649   584.468208085
0.0   0.0   1.0
0
0
0.718257735675   -0.554082086641   -0.420831184893   -6.83940852119
-0.550720809339   -0.822378944397   0.142826757174   -28.097956553
-0.425220454358   0.129174045003   -0.895824550436   1.25214453573
virtual_098
1709.38627909   0.0   933.88483768
0.0   1702.15155186   585.169775659
0.0   0.0   1.0
0
0
0.71580050994   -0.551820702261   -0.42792932724   -6.66479329352
-0.549501706032   -0.823259495699   0.142448816837   -28.2241338617
-0.430903088405   0.133182967505   -0.892515994844   1.12273247645
virtual_099
1708.9341406   0.0   933.785812833
0.0   1701.59428722   585.871343233
0.0   0.0   1.0
0
0
0.713298431032   -0.549527897206   -0.434999412264   -6.48990507278
-0.548285090213   -0.824137530594   0.142059201917   -28.3513712007
-0.436564838703   0.137173055849   -0.889153933038   0.991648195061
param_cam7
1708.482002104566   0.0   933.6867879850885
0.0   1701.0370225882389   586.5729108074577
0.0   0.0   1.0
0
0
0.710752   -0.547204   -0.442041   -6.31453
-0.547071   -0.825013   0.141658   -28.48
-0.442205   0.141144   -0.885739   0.859074
virtual_100
1708.57273311   0.0   933.97493546
0.0   1701.06697681   586.736736483
0.0   0.0   1.0
0
0
0.7081881875   -0.543652526379   -0.4504569275   -6.13849542061
-0.545195179667   -0.826478850137   0.140338676312   -28.6102827775
-0.448588596741   0.146200747396   -0.881699278759   0.725172192785
virtual_101
1708.66346412   0.0   934.263082934
0.0   1701.09693104   586.900562158
0.0   0.0   1.0
0
0
0.705560486242   -0.540049888773   -0.458836016848   -5.96179349743
-0.543326397406   -0.827935021354   0.138996448153   -28.7422064029
-0.454951424492   0.15122732641   -0.877581609419   0.590025047254
virtual_102
1708.75419513   0.0   934.551230409
0.0   1701.12688526   587.064387833
0.0   0.0   1.0
0
0
0.702868925284   -0.536396400998   -0.467176854757   -5.78445759767
-0.541464966899   -0.829381274054   0.137631452385   -28.8756888338
-0.461292751144   0.156223006179   -0.873386158932   0.453694830321
virtual_103
1708.84492614   0.0   934.839377883
0.0   1701.15683949   587.228213508
0.0   0.0   1.0
0
0
0.700113876218   -0.532692302315   -0.475478156076   -5.6065210885
-0.539610944674   -0.830817468217   0.136243820592   -29.0106480278
-0.467611584771   0.16118703897   -0.869113420964   0.316243808903
virtual_104
1708.93565715   0.0   935.127525358
0.0   1701.18679371   587.392039183
0.0   0.0   1.0
0
0
0.697295465825   -0.528938226139   -0.483738915065   -5.42801733711
-0.537764771822   -0.832243269875   0.134833777986   -29.1470019425
-0.473907201388   0.1661187821   -0.864763844651   0.177734249915
virtual_105
1709.02638815   0.0   935.415672832
0.0   1701.21674794   587.555864858
0.0   0.0   1.0
0
0
0.694414128271   -0.525134658376   -0.491957940548   -5.2489797107
-0.535926724444   -0.833658564626   0.133401473964   -29.2846685355
-0.480178686632   0.171017532666   -0.860337973172   0.0382284202736
virtual_106
1709.11711916   0.0   935.703820307
0.0   1701.24670216   587.719690533
0.0   0.0   1.0
0
0
0.691470178496   -0.52128205213   -0.500134022031   -5.06944157645
-0.534097023331   -0.83506308413   0.131947094284   -29.4235657645
-0.486425110576   0.175882596133   -0.855836391453   -0.102211413105
virtual_107
1709.20785017   0.0   935.991967782
0.0   1701.27665639   587.883516208
0.0   0.0   1.0
0
0
0.688464064112   -0.517380714282   -0.508266032617   -4.88943630155
-0.532275733446   -0.836456740603   0.130470797086   -29.5636115869
-0.492645620312   0.180713262803   -0.851259642657   -0.243522983306
virtual_108
1709.29858118   0.0   936.280115256
0.0   1701.30661062   588.047341883
0.0   0.0   1.0
0
0
0.685396069073   -0.513431451013   -0.516352988428   -4.7089972532
-0.530463407004   -0.837839254427   0.128972796871   -29.7047239605
-0.498839492112   0.185508899833   -0.846608304424   -0.385644023413
virtual_109
1709.38931219   0.0   936.568262731
0.0   1701.33656484   588.211167558
0.0   0.0   1.0
0
0
0.682266667596   -0.509434631848   -0.524393527585   -4.52815779857
-0.528660126777   -0.839210420205   0.12745326753   -29.8468208429
-0.505005628626   0.190268814497   -0.841883077574   -0.528512266511
virtual_110
1709.4800432   0.0   936.856410205
0.0   1701.36651907   588.374993234
0.0   0.0   1.0
0
0
0.679076227726   -0.505390757557   -0.532386753627   -4.34695130487
-0.526866121866   -0.840570144635   0.125912439959   -29.9898201915
-0.511143391094   0.194992392938   -0.837084449979   -0.672065445682
virtual_111
1709.57077421   0.0   937.14455768
0.0   1701.39647329   588.538818909
0.0   0.0   1.0
0
0
0.675825292675   -0.501300336146   -0.540331574062   -4.16541113927
-0.525081577604   -0.841918239717   0.124350473528   -30.1336399641
-0.517251942647   0.199678932564   -0.832213187337   -0.816241294012
virtual_112
1709.66150521   0.0   937.432705154
0.0   1701.42642752   588.702644584
0.0   0.0   1.0
0
0
0.672514168742   -0.497164098673   -0.548226708943   -3.98357066897
-0.523306909692   -0.843254392929   0.122767631593   -30.2781981183
-0.523330243978   0.20432784888   -0.827269948492   -0.960977544585
virtual_113
1709.75223622   0.0   937.720852629
0.0   1701.45638174   588.866470259
0.0   0.0   1.0
0
0
0.669143336665   -0.492982554833   -0.556071381214   -3.80146326116
-0.52154230025   -0.844578528253   0.121164158754   -30.4234126116
-0.529377758574   0.208938565402   -0.822255336259   -1.10621193048
virtual_114
1709.84296723   0.0   938.009000104
0.0   1701.48633597   589.030295934
0.0   0.0   1.0
0
0
0.665713306334   -0.488756302503   -0.56386444819   -3.61912228302
-0.519787990157   -0.845890416593   0.11954024041   -30.5692014017
-0.535393580882   0.213510416877   -0.81717014297   -1.25188218479
virtual_115
1709.93369824   0.0   938.297147578
0.0   1701.51629019   589.194121609
0.0   0.0   1.0
0
0
0.662224602595   -0.484485775047   -0.571604861439   -3.43658110175
-0.518044049424   -0.84718997275   0.117896094519   -30.7154824461
-0.54137689589   0.218042794438   -0.812015037924   -1.3979260406
virtual_116
1710.02442925   0.0   938.585295053
0.0   1701.54624442   589.357947284
0.0   0.0   1.0
0
0
0.658677778065   -0.480171817238   -0.579291494128   -3.25387308454
-0.516310937557   -0.84847696271   0.11623195104   -30.8621737025
-0.547326800111   0.222535109116   -0.806790873822   -1.54428123099
virtual_117
1710.11516026   0.0   938.873442527
0.0   1701.57619864   589.521772959
0.0   0.0   1.0
0
0
0.655073195973   -0.475814912019   -0.586923595767   -3.07103159856
-0.514588756194   -0.849751227162   0.114548130508   -31.0091931285
-0.553242755923   0.226986856456   -0.801498244404   -1.69088548903
virtual_118
1710.20589126   0.0   939.161590002
0.0   1701.60615287   589.685598634
0.0   0.0   1.0
0
0
0.651411586046   -0.471415714142   -0.594499904744   -2.88809001103
-0.512877741682   -0.851012615025   0.112844780129   -31.1564586817
-0.559123719653   0.231397382623   -0.796138109055   -1.83767654783
virtual_119
1710.29662227   0.0   939.449737476
0.0   1701.63610709   589.84942431
0.0   0.0   1.0
0
0
0.647693362804   -0.466974883059   -0.602019740457   -2.70508168911
-0.511178138776   -0.852260970721   0.111122231104   -31.3038883196
-0.564969217868   0.235766194366   -0.790711122631   -1.98459214046
param_cam8
1710.387353280329   0.0   939.7378849508885
0.0   1701.6660613179083   590.0132499846289
0.0   0.0   1.0
0
0
0.643919   -0.462493   -0.609482   -2.52204
-0.50949   -0.853496   0.109381   -31.4514
-0.570778   0.240093   -0.785218   -2.13157
