param_cam0
1731.8537611304296 0. 944.82280521513485 
0. 1730.2451743420156 522.20735217757431
0.000000 0.000000 1.000000 
0
0
0.466974  -0.484961  0.739424 -33.5013
-0.763243  -0.643311  0.060092 -4.4025
0.446537  -0.592422  -0.670552 -6.01074

param_cam1
1728.8073564366866 0. 967.09929177657295
0. 1727.1835232972953 500.79439880155053
0.000000 0.000000 1.000000 
0
0
0.575101  -0.535786  0.618217 -30.701
-0.735873  -0.668962  0.104786 -7.27099
0.357421  -0.515192  -0.778991 -2.13728

param_cam2
1726.6398135686711 0. 952.00110018182022
0.000000 1725.1218369974608 504.02369575109100
0.000000 0.000000 1.000000 
0
0
0.652131  -0.607829  0.453067 -27.0553
-0.717793  -0.687346  0.111035 -10.6483
0.243923  -0.397617  -0.884535 0.856718

param_cam3
1723.8134067272049 0. 936.34465010886481
0.000000 1719.264237030214 551.01088851627435
0.000000 0.000000 1.000000 
0
0
0.718809  -0.639157  0.273482 -23.1495
-0.687062  -0.713153  0.139132 -14.451
0.106107  -0.287909  -0.951761 2.86124

param_cam4
1721.1073359005352 0. 936.36509770885857
0.000000 1716.9571493450005 546.95869231404413
0.000000 0.000000 1.000000 
0
0
0.759575  -0.643865  0.0921044 -18.9078
-0.649526  -0.743465  0.159298 -18.0548
-0.0340901  -0.180823  -0.982925 4.16231

param_cam5
1722.8316258686957 0. 926.94073638951875
0.000000 1718.6352949808092 574.48313779465570
0.000000 0.000000 1.000000 
0
0
0.774569  -0.626296  -0.0882909 -14.8498
-0.609419  -0.776367  0.160821 -21.6006
-0.169268  -0.070761  -0.983027 3.81494

param_cam6
1717.9769104135084 0. 935.76630978416347
0.000000 1712.7395799250464 571.83999174925782
0.000000 0.000000 1.000000 
0
0
0.754563  -0.58916  -0.289008 -10.1796
-0.572944  -0.806196  0.147594 -25.6302
-0.319954  0.0542164  -0.945881 3.08778

param_cam7
1708.4820021045659 0. 933.68678798508847
0.000000 1701.0370225882389 586.57291080745767
0.000000 0.000000 1.000000 
0
0
0.710752  -0.547204  -0.442041 -6.31453
-0.547071  -0.825013  0.141658 -28.48
-0.442205  0.141144  -0.885739 0.859074

param_cam8
1710.3873532803291 0. 939.73788495088854
0.000000 1701.6660613179083 590.01324998462894
0.000000 0.000000 1.000000 
0
0
0.643919  -0.462493  -0.609482 -2.52204
-0.50949  -0.853496  0.109381 -31.4514
-0.570778  0.240093  -0.785218 -2.13157

param_cam9
1724.7115676391011 0. 920.25642647185748
0.000000 1721.0878370116218 576.30780742813988
0.000000 0.000000 1.000000 
0
0
0.556287  -0.377387  -0.740354 0.300287
-0.488443  -0.869272  0.0760953 -33.4841
-0.672286  0.31929  -0.667896 -5.36589
