param_Poznan_Blocks_-27.055         
1726.639908   0.000000000   952.000000   
0.000000000   1725.121964   504.020000   
0.000000000   0.000000000   1.00000000   
0.0         
0.0         
0.652131   -0.607829   0.453067   -27.055300
-0.717793   -0.687346   0.111035   -10.648300
0.243923   -0.397617   -0.884535   0.856718
         
param_Poznan_Blocks_-26.755         
1726.442460   0.000000000   950.410000   
0.000000000   1724.622647   508.850000   
0.000000000   0.000000000   1.00000000   
0.0         
0.0         
0.657745   -0.610676   0.438968   -26.754854
-0.715475   -0.689316   0.113314   -10.950723
0.233141   -0.388926   -0.890347   1.018397
         
param_Poznan_Blocks_-26.454         
1726.244537   0.000000000   948.840000   
0.000000000   1724.125189   513.630000   
0.000000000   0.000000000   1.00000000   
0.0         
0.0         
0.663341   -0.613508   0.424880   -26.454408
-0.713155   -0.691286   0.115589   -11.252794
0.222365   -0.380243   -0.896137   1.179808
         
param_Poznan_Blocks_-26.154         
1726.045055   0.000000000   947.290000   
0.000000000   1723.631205   518.320000   
0.000000000   0.000000000   1.00000000   
0.0         
0.0         
0.668903   -0.616309   0.410812   -26.153962
-0.710832   -0.693257   0.117855   -11.554155
0.211602   -0.371579   -0.901881   1.340685
         
param_Poznan_Blocks_-25.854         
1725.843417   0.000000000   945.780000   
0.000000000   1723.142310   522.890000   
0.000000000   0.000000000   1.00000000   
0.0         
0.0         
0.674412   -0.619062   0.396774   -25.853515
-0.708505   -0.695230   0.120109   -11.854456
0.200858   -0.362941   -0.907556   1.500760
         
param_Poznan_Blocks_-25.553         
1725.638903   0.000000000   944.330000   
0.000000000   1722.660486   527.280000   
0.000000000   0.000000000   1.00000000   
0.0         
0.0         
0.679853   -0.621753   0.382777   -25.553069
-0.706170   -0.697205   0.122346   -12.153340
0.190140   -0.354340   -0.913139   1.659765
         
param_Poznan_Blocks_-25.253         
1725.430797   0.000000000   942.950000   
0.000000000   1722.187285   531.460000   
0.000000000   0.000000000   1.00000000   
0.0         
0.0         
0.685207   -0.624366   0.368831   -25.252623
-0.703827   -0.699183   0.124562   -12.450455
0.179455   -0.345784   -0.918608   1.817434
         
param_Poznan_Blocks_-24.952         
1725.218439   0.000000000   941.650000   
0.000000000   1721.724569   535.370000   
0.000000000   0.000000000   1.00000000   
0.0         
0.0         
0.690457   -0.626885   0.354946   -24.952177
-0.701475   -0.701164   0.126753   -12.745448
0.168809   -0.337282   -0.923940   1.973499
         
param_Poznan_Blocks_-24.652         
1725.001050   0.000000000   940.440000   
0.000000000   1721.274012   538.990000   
0.000000000   0.000000000   1.00000000   
0.0         
0.0         
0.695586   -0.629295   0.341131   -24.651731
-0.699111   -0.703149   0.128914   -13.037963
0.158207   -0.328843   -0.929111   2.127693
         
param_Poznan_Blocks_-24.351         
1724.777912   0.000000000   939.350000   
0.000000000   1720.837291   542.260000   
0.000000000   0.000000000   1.00000000   
0.0         
0.0         
0.700577   -0.631580   0.327398   -24.351285
-0.696734   -0.705139   0.131042   -13.327648
0.147658   -0.320476   -0.934099   2.279749
         
param_Poznan_Blocks_-24.051         
1724.548245   0.000000000   938.380000   
0.000000000   1720.416264   545.140000   
0.000000000   0.000000000   1.00000000   
0.0         
0.0         
0.705412   -0.633724   0.313757   -24.050838
-0.694342   -0.707134   0.133132   -13.614148
0.137167   -0.312190   -0.938881   2.429399
         
param_Poznan_Blocks_-23.75         
1724.311452   0.000000000   937.540000   
0.000000000   1720.012578   547.580000   
0.000000000   0.000000000   1.00000000   
0.0         
0.0         
0.710074   -0.635712   0.300217   -23.750392
-0.691934   -0.709134   0.135179   -13.897109
0.126740   -0.303994   -0.943434   2.576375
         
param_Poznan_Blocks_-23.45         
1724.066707   0.000000000   936.860000   
0.000000000   1719.628014   549.560000   
0.000000000   0.000000000   1.00000000   
0.0         
0.0         
0.714545   -0.637528   0.286788   -23.449946
-0.689508   -0.711140   0.137181   -14.176178
0.116385   -0.295897   -0.947735   2.720411
         
param_Poznan_Blocks_-23.15         
1723.813311   0.000000000   936.340000   
0.000000000   1719.264239   551.010000   
0.000000000   0.000000000   1.00000000   
0.0         
0.0         
0.718809   -0.639157   0.273482   -23.149500
-0.687062   -0.713153   0.139132   -14.451000
0.106107   -0.287909   -0.951761   2.861240
         
param_Poznan_Blocks_-22.823         
1723.528546   0.000000000   935.980000   
0.000000000   1718.894713   551.980000   
0.000000000   0.000000000   1.00000000   
0.0         
0.0         
0.723190   -0.640700   0.259175   -22.823215
-0.684382   -0.715348   0.141189   -14.744408
0.095038   -0.279362   -0.955803   3.010148
         
param_Poznan_Blocks_-22.497         
1723.237980   0.000000000   935.790000   
0.000000000   1718.552973   552.380000   
0.000000000   0.000000000   1.00000000   
0.0         
0.0         
0.727318   -0.642012   0.245004   -22.496931
-0.681674   -0.717554   0.143177   -15.032976
0.084056   -0.270934   -0.959511   3.154091
         
param_Poznan_Blocks_-22.171         
1722.946465   0.000000000   935.750000   
0.000000000   1718.240050   552.310000   
0.000000000   0.000000000   1.00000000   
0.0         
0.0         
0.731205   -0.643104   0.230947   -22.170646
-0.678937   -0.719775   0.145093   -15.317285
0.073152   -0.262607   -0.962900   3.292206
         
param_Poznan_Blocks_-21.844         
1722.659221   0.000000000   935.820000   
0.000000000   1717.957340   551.870000   
0.000000000   0.000000000   1.00000000   
0.0         
0.0         
0.734865   -0.643983   0.216983   -21.844362
-0.676170   -0.722014   0.146931   -15.597922
0.062314   -0.254363   -0.965988   3.423625
         
param_Poznan_Blocks_-21.518         
1722.381343   0.000000000   935.980000   
0.000000000   1717.705875   551.150000   
0.000000000   0.000000000   1.00000000   
0.0         
0.0         
0.738308   -0.644659   0.203092   -21.518077
-0.673368   -0.724273   0.148687   -15.875471
0.051531   -0.246183   -0.968790   3.547483
         
param_Poznan_Blocks_-21.192         
1722.118050   0.000000000   936.180000   
0.000000000   1717.486869   550.250000   
0.000000000   0.000000000   1.00000000   
0.0         
0.0         
0.741548   -0.645142   0.189254   -21.191792
-0.670532   -0.726557   0.150358   -16.150517
0.040791   -0.238048   -0.971324   3.662916
         
param_Poznan_Blocks_-20.866         
1721.874134   0.000000000   936.410000   
0.000000000   1717.301291   549.260000   
0.000000000   0.000000000   1.00000000   
0.0         
0.0         
0.744597   -0.645440   0.175446   -20.865508
-0.667659   -0.728867   0.151939   -16.423642
0.030084   -0.229940   -0.973606   3.769057
         
param_Poznan_Blocks_-20.539         
1721.654995   0.000000000   936.620000   
0.000000000   1717.150477   548.290000   
0.000000000   0.000000000   1.00000000   
0.0         
0.0         
0.747468   -0.645562   0.161650   -20.539223
-0.664746   -0.731207   0.153426   -16.695432
0.019399   -0.221841   -0.975652   3.865041
         
param_Poznan_Blocks_-20.213         
1721.465548   0.000000000   936.790000   
0.000000000   1717.035458   547.420000   
0.000000000   0.000000000   1.00000000   
0.0         
0.0         
0.750172   -0.645519   0.147844   -20.212938
-0.661793   -0.733580   0.154814   -16.966471
0.008724   -0.213732   -0.977479   3.950002
         
param_Poznan_Blocks_-19.887         
1721.310979   0.000000000   936.880000   
0.000000000   1716.957478   546.760000   
0.000000000   0.000000000   1.00000000   
0.0         
0.0         
0.752723   -0.645318   0.134007   -19.886654
-0.658796   -0.735990   0.156100   -17.237343
-0.001951   -0.205594   -0.979103   4.023075
         
param_Poznan_Blocks_-19.56         
1721.196356   0.000000000   936.860000   
0.000000000   1716.917691   546.400000   
0.000000000   0.000000000   1.00000000   
0.0         
0.0         
0.755132   -0.644969   0.120118   -19.560369
-0.655754   -0.738438   0.157279   -17.508632
-0.012638   -0.197409   -0.980541   4.083395
         
param_Poznan_Blocks_-19.234         
1721.126743   0.000000000   936.700000   
0.000000000   1716.917188   546.430000   
0.000000000   0.000000000   1.00000000   
0.0         
0.0         
0.757412   -0.644482   0.106158   -19.234085
-0.652664   -0.740929   0.158346   -17.780923
-0.023347   -0.189158   -0.981810   4.130095
         
param_Poznan_Blocks_-18.908         
1721.107220   0.000000000   936.370000   
0.000000000   1716.957073   546.960000   
0.000000000   0.000000000   1.00000000   
0.0         
0.0         
0.759575   -0.643865   0.092104   -18.907800
-0.649526   -0.743465   0.159298   -18.054800
-0.034090   -0.180823   -0.982925   4.162310
         
param_Poznan_Blocks_-18.596         
1721.138323   0.000000000   935.860000   
0.000000000   1717.033040   547.990000   
0.000000000   0.000000000   1.00000000   
0.0         
0.0         
0.761544   -0.643161   0.078558   -18.595646
-0.646477   -0.745935   0.160097   -18.318736
-0.044407   -0.172757   -0.983860   4.179143
         
param_Poznan_Blocks_-18.283         
1721.212774   0.000000000   935.210000   
0.000000000   1717.140834   549.480000   
0.000000000   0.000000000   1.00000000   
0.0         
0.0         
0.763408   -0.642347   0.064919   -18.283492
-0.643390   -0.748441   0.160786   -18.584548
-0.054759   -0.164602   -0.984664   4.183382
         
param_Poznan_Blocks_-17.971         
1721.323369   0.000000000   934.430000   
0.000000000   1717.274313   551.350000   
0.000000000   0.000000000   1.00000000   
0.0         
0.0         
0.765160   -0.641424   0.051197   -17.971338
-0.640274   -0.750978   0.161364   -18.852124
-0.065141   -0.156365   -0.985330   4.176482
         
param_Poznan_Blocks_-17.659         
1721.462900   0.000000000   933.560000   
0.000000000   1717.426965   553.540000   
0.000000000   0.000000000   1.00000000   
0.0         
0.0         
0.766790   -0.640392   0.037402   -17.659185
-0.637137   -0.753537   0.161829   -19.121355
-0.075546   -0.148052   -0.985852   4.159898
         
param_Poznan_Blocks_-17.347         
1721.624163   0.000000000   932.630000   
0.000000000   1717.592648   555.950000   
0.000000000   0.000000000   1.00000000   
0.0         
0.0         
0.768290   -0.639252   0.023545   -17.347031
-0.633989   -0.756110   0.162181   -19.392129
-0.085968   -0.139668   -0.986224   4.135084
         
param_Poznan_Blocks_-17.035         
1721.799892   0.000000000   931.670000   
0.000000000   1717.765095   558.530000   
0.000000000   0.000000000   1.00000000   
0.0         
0.0         
0.769652   -0.638004   0.009636   -17.034877
-0.630837   -0.758692   0.162419   -19.664336
-0.096402   -0.131219   -0.986439   4.103497
         
param_Poznan_Blocks_-16.723         
1721.982941   0.000000000   930.720000   
0.000000000   1717.937980   561.180000   
0.000000000   0.000000000   1.00000000   
0.0         
0.0         
0.770866   -0.636649   -0.004313   -16.722723
-0.627690   -0.761274   0.162543   -19.937864
-0.106842   -0.122712   -0.986491   4.066590
         
param_Poznan_Blocks_-16.411         
1722.166167   0.000000000   929.810000   
0.000000000   1718.105158   563.840000   
0.000000000   0.000000000   1.00000000   
0.0         
0.0         
0.771924   -0.635187   -0.018294   -16.410569
-0.624558   -0.763849   0.162550   -20.212604
-0.117281   -0.114152   -0.986374   4.025820
         
param_Poznan_Blocks_-16.098         
1722.342241   0.000000000   928.960000   
0.000000000   1718.260303   566.420000   
0.000000000   0.000000000   1.00000000   
0.0         
0.0         
0.772817   -0.633619   -0.032294   -16.098415
-0.621449   -0.766410   0.162441   -20.488445
-0.127714   -0.105544   -0.986081   3.982641
         
param_Poznan_Blocks_-15.786         
1722.504050   0.000000000   928.220000   
0.000000000   1718.397181   568.850000   
0.000000000   0.000000000   1.00000000   
0.0         
0.0         
0.773537   -0.631946   -0.046305   -15.786262
-0.618372   -0.768950   0.162215   -20.765275
-0.138135   -0.096896   -0.985606   3.938508
         
param_Poznan_Blocks_-15.474         
1722.644359   0.000000000   927.620000   
0.000000000   1718.509432   571.060000   
0.000000000   0.000000000   1.00000000   
0.0         
0.0         
0.774075   -0.630167   -0.060315   -15.474108
-0.615336   -0.771461   0.161870   -21.042985
-0.148539   -0.088212   -0.984943   3.894877
         
param_Poznan_Blocks_-15.162         
1722.755976   0.000000000   927.180000   
0.000000000   1718.590899   572.960000   
0.000000000   0.000000000   1.00000000   
0.0         
0.0         
0.774421   -0.628284   -0.074314   -15.161954
-0.612348   -0.773935   0.161405   -21.321464
-0.158918   -0.079498   -0.984085   3.853203
         
param_Poznan_Blocks_-14.85         
1722.831706   0.000000000   926.940000   
0.000000000   1718.635294   574.480000   
0.000000000   0.000000000   1.00000000   
0.0         
0.0         
0.774569   -0.626296   -0.088291   -14.849800
-0.609419   -0.776367   0.160821   -21.600600
-0.169268   -0.070761   -0.983027   3.814940
         
param_Poznan_Blocks_-14.491         
1722.866433   0.000000000   926.940000   
0.000000000   1718.633182   575.700000   
0.000000000   0.000000000   1.00000000   
0.0         
0.0         
0.774484   -0.623882   -0.104337   -14.490554
-0.606129   -0.779104   0.160003   -21.922448
-0.181136   -0.060686   -0.981555   3.776316
         
param_Poznan_Blocks_-14.131         
1722.841712   0.000000000   927.200000   
0.000000000   1718.569943   576.390000   
0.000000000   0.000000000   1.00000000   
0.0         
0.0         
0.774131   -0.621345   -0.120328   -14.131308
-0.602925   -0.781772   0.159052   -22.244442
-0.192958   -0.050610   -0.979819   3.742138
         
param_Poznan_Blocks_-13.772         
1722.755203   0.000000000   927.690000   
0.000000000   1718.441517   576.630000   
0.000000000   0.000000000   1.00000000   
0.0         
0.0         
0.773516   -0.618698   -0.136252   -13.772062
-0.599806   -0.784371   0.157996   -22.566002
-0.204732   -0.040553   -0.977826   3.710408
         
param_Poznan_Blocks_-13.413         
1722.604563   0.000000000   928.360000   
0.000000000   1718.244331   576.500000   
0.000000000   0.000000000   1.00000000   
0.0         
0.0         
0.772647   -0.615954   -0.152096   -13.412815
-0.596772   -0.786898   0.156860   -22.886547
-0.216461   -0.030536   -0.975587   3.679124
         
param_Poznan_Blocks_-13.054         
1722.387455   0.000000000   929.170000   
0.000000000   1717.974325   576.090000   
0.000000000   0.000000000   1.00000000   
0.0         
0.0         
0.771531   -0.613127   -0.167846   -13.053569
-0.593818   -0.789353   0.155674   -23.205498
-0.228142   -0.020583   -0.973111   3.646289
         
param_Poznan_Blocks_-12.694         
1722.101597   0.000000000   930.080000   
0.000000000   1717.627866   575.460000   
0.000000000   0.000000000   1.00000000   
0.0         
0.0         
0.770175   -0.610231   -0.183492   -12.694323
-0.590946   -0.791733   0.154462   -23.522276
-0.239778   -0.010713   -0.970407   3.609901
         
param_Poznan_Blocks_-12.335         
1721.744467   0.000000000   931.050000   
0.000000000   1717.201014   574.710000   
0.000000000   0.000000000   1.00000000   
0.0         
0.0         
0.768586   -0.607279   -0.199020   -12.335077
-0.588151   -0.794037   0.153254   -23.836302
-0.251368   -0.000949   -0.967485   3.567963
         
param_Poznan_Blocks_-11.976         
1721.313968   0.000000000   932.040000   
0.000000000   1716.690137   573.900000   
0.000000000   0.000000000   1.00000000   
0.0         
0.0         
0.766772   -0.604285   -0.214417   -11.975831
-0.585434   -0.796265   0.152077   -24.146996
-0.262912   0.008688   -0.964353   3.518473
         
param_Poznan_Blocks_-11.617         
1720.807578   0.000000000   933.000000   
0.000000000   1716.091235   573.120000   
0.000000000   0.000000000   1.00000000   
0.0         
0.0         
0.764739   -0.601262   -0.229672   -11.616585
-0.582792   -0.798414   0.150956   -24.453778
-0.274411   0.018177   -0.961021   3.459434
         
param_Poznan_Blocks_-11.257         
1720.223017   0.000000000   933.890000   
0.000000000   1715.400523   572.440000   
0.000000000   0.000000000   1.00000000   
0.0         
0.0         
0.762494   -0.598225   -0.244771   -11.257338
-0.580224   -0.800483   0.149921   -24.756069
-0.285864   0.027495   -0.957499   3.388844
         
param_Poznan_Blocks_-10.898         
1719.557944   0.000000000   934.680000   
0.000000000   1714.614243   571.950000   
0.000000000   0.000000000   1.00000000   
0.0         
0.0         
0.760045   -0.595186   -0.259701   -10.898092
-0.577727   -0.802471   0.148997   -25.053289
-0.297272   0.036622   -0.953795   3.304705
         
param_Poznan_Blocks_-10.539         
1718.810034   0.000000000   935.320000   
0.000000000   1713.728551   571.730000   
0.000000000   0.000000000   1.00000000   
0.0         
0.0         
0.757399   -0.592160   -0.274451   -10.538846
-0.575301   -0.804375   0.148212   -25.344859
-0.308635   0.045537   -0.949920   3.205017
         
param_Poznan_Blocks_-10.18         
1717.977067   0.000000000   935.770000   
0.000000000   1712.739763   571.840000   
0.000000000   0.000000000   1.00000000   
0.0         
0.0         
0.754563   -0.589160   -0.289008   -10.179600
-0.572944   -0.806196   0.147594   -25.630201
-0.319954   0.054216   -0.945881   3.087780
         
param_Poznan_Blocks_-9.882         
1717.223842   0.000000000   935.970000   
0.000000000   1711.843308   572.240000   
0.000000000   0.000000000   1.00000000   
0.0         
0.0         
0.752076   -0.586700   -0.300906   -9.882287
-0.571042   -0.807640   0.147220   -25.861374
-0.329289   0.061214   -0.942418   2.976368
         
param_Poznan_Blocks_-9.585         
1716.424443   0.000000000   936.040000   
0.000000000   1710.889349   572.890000   
0.000000000   0.000000000   1.00000000   
0.0         
0.0         
0.749458   -0.584233   -0.312688   -9.584974
-0.569173   -0.809038   0.146947   -26.088456
-0.338603   0.068062   -0.938831   2.852292
         
param_Poznan_Blocks_-9.288         
1715.592530   0.000000000   935.990000   
0.000000000   1709.893213   573.750000   
0.000000000   0.000000000   1.00000000   
0.0         
0.0         
0.746707   -0.581727   -0.324380   -9.287661
-0.567323   -0.810403   0.146744   -26.312020
-0.347904   0.074788   -0.935101   2.716278
         
param_Poznan_Blocks_-8.99         
1714.741515   0.000000000   935.840000   
0.000000000   1708.870348   574.800000   
0.000000000   0.000000000   1.00000000   
0.0         
0.0         
0.743815   -0.579149   -0.336009   -8.990348
-0.565481   -0.811748   0.146579   -26.532636
-0.357201   0.081418   -0.931209   2.569050
         
param_Poznan_Blocks_-8.693         
1713.885057   0.000000000   935.620000   
0.000000000   1707.836448   576.000000   
0.000000000   0.000000000   1.00000000   
0.0         
0.0         
0.740780   -0.576465   -0.347600   -8.693035
-0.563633   -0.813084   0.146422   -26.750877
-0.366504   0.087979   -0.927135   2.411335
         
param_Poznan_Blocks_-8.396         
1713.037179   0.000000000   935.350000   
0.000000000   1706.807143   577.310000   
0.000000000   0.000000000   1.00000000   
0.0         
0.0         
0.737596   -0.573642   -0.359179   -8.395722
-0.561766   -0.814425   0.146240   -26.967316
-0.375822   0.094497   -0.922861   2.243856
         
param_Poznan_Blocks_-8.098         
1712.211175   0.000000000   935.040000   
0.000000000   1705.797945   578.690000   
0.000000000   0.000000000   1.00000000   
0.0         
0.0         
0.734259   -0.570647   -0.370770   -8.098408
-0.559866   -0.815784   0.146003   -27.182526
-0.385163   0.100998   -0.918368   2.067341
         
param_Poznan_Blocks_-7.801         
1711.420884   0.000000000   934.720000   
0.000000000   1704.824484   580.110000   
0.000000000   0.000000000   1.00000000   
0.0         
0.0         
0.730763   -0.567446   -0.382401   -7.801095
-0.557922   -0.817173   0.145679   -27.397077
-0.394536   0.107509   -0.913637   1.882513
         
param_Poznan_Blocks_-7.504         
1710.679843   0.000000000   934.410000   
0.000000000   1703.902210   581.540000   
0.000000000   0.000000000   1.00000000   
0.0         
0.0         
0.727105   -0.564008   -0.394097   -7.503782
-0.555920   -0.818604   0.145237   -27.611543
-0.403951   0.114057   -0.908648   1.690098
         
param_Poznan_Blocks_-7.206         
1710.001802   0.000000000   934.140000   
0.000000000   1703.046723   582.930000   
0.000000000   0.000000000   1.00000000   
0.0         
0.0         
0.723280   -0.560297   -0.405883   -7.206469
-0.553847   -0.820091   0.144645   -27.826496
-0.413417   0.120668   -0.903383   1.490822
         
param_Poznan_Blocks_-6.909         
1709.400387   0.000000000   933.910000   
0.000000000   1702.273686   584.260000   
0.000000000   0.000000000   1.00000000   
0.0         
0.0         
0.719282   -0.556282   -0.417785   -6.909156
-0.551689   -0.821647   0.143872   -28.042509
-0.422941   0.127369   -0.897823   1.285409
         
param_Poznan_Blocks_-6.612         
1708.889257   0.000000000   933.750000   
0.000000000   1701.598564   585.490000   
0.000000000   0.000000000   1.00000000   
0.0         
0.0         
0.715108   -0.551929   -0.429829   -6.611843
-0.549435   -0.823283   0.142887   -28.260152
-0.432534   0.134185   -0.891947   1.074584
         
param_Poznan_Blocks_-6.315         
1708.482009   0.000000000   933.690000   
0.000000000   1701.036941   586.570000   
0.000000000   0.000000000   1.00000000   
0.0         
0.0         
0.710752   -0.547204   -0.442041   -6.314530
-0.547071   -0.825013   0.141658   -28.479999
-0.442205   0.141144   -0.885739   0.859074
         
param_Poznan_Blocks_-6.023         
1708.193151   0.000000000   933.730000   
0.000000000   1700.607257   587.480000   
0.000000000   0.000000000   1.00000000   
0.0         
0.0         
0.706300   -0.542185   -0.454205   -6.022800
-0.544635   -0.826810   0.140194   -28.698288
-0.451775   0.148130   -0.879312   0.643691
         
param_Poznan_Blocks_-5.731         
1708.008686   0.000000000   933.880000   
0.000000000   1700.292310   588.230000   
0.000000000   0.000000000   1.00000000   
0.0         
0.0         
0.701683   -0.536807   -0.466541   -5.731070
-0.542091   -0.828702   0.138485   -28.919045
-0.461422   0.155266   -0.872572   0.424788
         
param_Poznan_Blocks_-5.439         
1707.920151   0.000000000   934.110000   
0.000000000   1700.082539   588.840000   
0.000000000   0.000000000   1.00000000   
0.0         
0.0         
0.696914   -0.531100   -0.479034   -5.439340
-0.539446   -0.830681   0.136552   -29.142063
-0.471140   0.162540   -0.865544   0.202659
         
param_Poznan_Blocks_-5.148         
1707.918589   0.000000000   934.430000   
0.000000000   1699.968382   589.330000   
0.000000000   0.000000000   1.00000000   
0.0         
0.0         
0.692007   -0.525093   -0.491671   -5.147610
-0.536709   -0.832738   0.134415   -29.367137
-0.480921   0.169938   -0.858256   -0.022404
         
param_Poznan_Blocks_-4.856         
1707.995537   0.000000000   934.830000   
0.000000000   1699.940277   589.690000   
0.000000000   0.000000000   1.00000000   
0.0         
0.0         
0.686977   -0.518816   -0.504436   -4.855880
-0.533891   -0.834866   0.132095   -29.594062
-0.490760   0.177450   -0.850732   -0.250107
         
param_Poznan_Blocks_-4.564         
1708.142040   0.000000000   935.300000   
0.000000000   1699.988725   589.960000   
0.000000000   0.000000000   1.00000000   
0.0         
0.0         
0.681836   -0.512300   -0.517316   -4.564150
-0.531001   -0.837057   0.129612   -29.822632
-0.500651   0.185061   -0.843000   -0.480156
         
param_Poznan_Blocks_-4.272         
1708.349572   0.000000000   935.820000   
0.000000000   1700.104041   590.130000   
0.000000000   0.000000000   1.00000000   
0.0         
0.0         
0.676598   -0.505574   -0.530297   -4.272420
-0.528046   -0.839303   0.126987   -30.052640
-0.510586   0.192760   -0.835085   -0.712259
         
param_Poznan_Blocks_-3.981         
1708.609361   0.000000000   936.400000   
0.000000000   1700.276726   590.230000   
0.000000000   0.000000000   1.00000000   
0.0         
0.0         
0.671278   -0.498669   -0.543363   -3.980690
-0.525037   -0.841596   0.124239   -30.283882
-0.520559   0.200534   -0.827013   -0.946122
         
param_Poznan_Blocks_-3.689         
1708.912699   0.000000000   937.020000   
0.000000000   1700.497218   590.260000   
0.000000000   0.000000000   1.00000000   
0.0         
0.0         
0.665889   -0.491613   -0.556501   -3.688960
-0.521982   -0.843929   0.121390   -30.516153
-0.530565   0.208371   -0.818810   -1.181452
         
param_Poznan_Blocks_-3.397         
1709.250876   0.000000000   937.670000   
0.000000000   1700.755955   590.250000   
0.000000000   0.000000000   1.00000000   
0.0         
0.0         
0.660445   -0.484438   -0.569696   -3.397230
-0.518891   -0.846293   0.118459   -30.749245
-0.540596   0.216258   -0.810504   -1.417955
         
param_Poznan_Blocks_-3.106         
1709.615181   0.000000000   938.340000   
0.000000000   1701.043377   590.190000   
0.000000000   0.000000000   1.00000000   
0.0         
0.0         
0.654959   -0.477173   -0.582934   -3.105500
-0.515772   -0.848681   0.115467   -30.982954
-0.550646   0.224182   -0.802119   -1.655338
         
param_Poznan_Blocks_-2.814         
1709.996891   0.000000000   939.040000   
0.000000000   1701.349906   590.110000   
0.000000000   0.000000000   1.00000000   
0.0         
0.0         
0.649446   -0.469848   -0.596201   -2.813770
-0.512636   -0.851085   0.112434   -31.217075
-0.560709   0.232131   -0.793681   -1.893307
         
param_Poznan_Blocks_-2.522         
1710.387329   0.000000000   939.740000   
0.000000000   1701.666016   590.010000   
0.000000000   0.000000000   1.00000000   
0.0         
0.0         
0.643919   -0.462493   -0.609482   -2.522040
-0.509490   -0.853496   0.109381   -31.451401
-0.570778   0.240093   -0.785218   -2.131570
         

